Xing Wang
Problem: QueueControl_d
CPU Time: 13.0230 seconds
Expected Total Reward: 8823.0788 
Optimal Policy: 
 State: 0 ------> [[0, 0], [0, 0], [0, 0], [0, 0], [0, 0], [0, 0], [0, 0], [0, 0], [0, 0], [0, 0]]
State: 1 ------> [[0, 1], [0, 1], [0, 1], [0, 1], [0, 1], [0, 1], [0, 1], [0, 1], [0, 1], [0, 1]]
State: 2 ------> [[0, 2], [0, 2], [0, 2], [0, 2], [0, 2], [0, 2], [0, 2], [0, 2], [0, 2], [0, 2]]
State: 3 ------> [[0, 3], [0, 3], [0, 3], [0, 3], [0, 3], [0, 3], [0, 3], [0, 3], [0, 3], [0, 3]]
State: 4 ------> [[0, 4], [0, 4], [0, 4], [0, 4], [0, 4], [0, 4], [0, 4], [0, 4], [0, 4], [0, 4]]
State: 5 ------> [[0, 5], [0, 5], [0, 5], [0, 5], [0, 5], [0, 5], [0, 5], [0, 5], [0, 5], [0, 5]]
State: 6 ------> [[0, 6], [0, 6], [0, 6], [0, 6], [0, 6], [0, 6], [0, 6], [0, 6], [0, 6], [0, 6]]
State: 7 ------> [[0, 7], [0, 7], [0, 7], [0, 7], [0, 7], [0, 7], [0, 7], [0, 7], [0, 7], [0, 7]]
State: 8 ------> [[0, 8], [0, 8], [0, 8], [0, 8], [0, 8], [0, 8], [0, 8], [0, 8], [0, 8], [0, 8]]
State: 9 ------> [[0, 9], [0, 9], [0, 9], [0, 9], [0, 9], [0, 9], [0, 9], [0, 9], [0, 9], [0, 9]]
State: 10 ------> [[0, 10], [0, 10], [0, 10], [0, 10], [0, 10], [0, 10], [0, 10], [0, 10], [0, 10], [0, 10]]
State: 11 ------> [[0, 11], [0, 11], [0, 11], [0, 11], [0, 11], [0, 11], [0, 11], [0, 11], [0, 11], [0, 11]]
State: 12 ------> [[0, 12], [0, 12], [0, 12], [0, 12], [0, 12], [0, 12], [0, 12], [0, 12], [0, 12], [0, 12]]
State: 13 ------> [[0, 13], [0, 13], [0, 13], [0, 13], [0, 13], [0, 13], [0, 13], [0, 13], [0, 13], [0, 13]]
State: 14 ------> [[0, 14], [0, 14], [0, 14], [0, 14], [0, 14], [0, 14], [0, 14], [0, 14], [0, 14], [0, 14]]
State: 15 ------> [[0, 15], [0, 15], [0, 15], [0, 15], [0, 15], [0, 15], [0, 15], [0, 15], [0, 15], [0, 15]]
State: 16 ------> [[0, 16], [0, 16], [0, 16], [0, 16], [0, 16], [0, 16], [0, 16], [0, 16], [0, 16], [0, 16]]
State: 17 ------> [[0, 17], [0, 17], [0, 17], [0, 17], [0, 17], [0, 17], [0, 17], [0, 17], [0, 17], [0, 17]]
State: 18 ------> [[0, 18], [0, 18], [0, 18], [0, 18], [0, 18], [0, 18], [0, 18], [0, 18], [0, 18], [0, 18]]
State: 19 ------> [[0, 19], [0, 19], [0, 19], [0, 19], [0, 19], [0, 19], [0, 19], [0, 19], [0, 19], [0, 19]]
State: 20 ------> [[0, 20], [0, 20], [0, 20], [0, 20], [0, 20], [0, 20], [0, 20], [0, 20], [0, 20], [0, 20]]
State: 21 ------> [[0, 21], [0, 21], [0, 21], [0, 21], [0, 21], [0, 21], [0, 21], [0, 21], [0, 21], [0, 21]]
State: 22 ------> [[0, 22], [0, 22], [0, 22], [0, 22], [0, 22], [0, 22], [0, 22], [0, 22], [0, 22], [0, 22]]
State: 23 ------> [[0, 23], [0, 23], [0, 23], [0, 23], [0, 23], [0, 23], [0, 23], [0, 23], [0, 23], [0, 23]]
State: 24 ------> [[0, 24], [0, 24], [0, 24], [0, 24], [0, 24], [0, 24], [0, 24], [0, 24], [0, 24], [0, 24]]
State: 25 ------> [[0, 25], [0, 25], [0, 25], [0, 25], [0, 25], [0, 25], [0, 25], [0, 25], [0, 25], [0, 25]]
State: 26 ------> [[0, 26], [0, 26], [0, 26], [0, 26], [0, 26], [0, 26], [0, 26], [0, 26], [0, 26], [0, 26]]
State: 27 ------> [[0, 27], [0, 27], [0, 27], [0, 27], [0, 27], [0, 27], [0, 27], [0, 27], [0, 27], [0, 27]]
State: 28 ------> [[0, 28], [0, 28], [0, 28], [0, 28], [0, 28], [0, 28], [0, 28], [0, 28], [0, 28], [0, 28]]
State: 29 ------> [[0, 29], [0, 29], [0, 29], [0, 29], [0, 29], [0, 29], [0, 29], [0, 29], [0, 29], [0, 29]]
State: 30 ------> [[0, 30], [0, 30], [0, 30], [0, 30], [0, 30], [0, 30], [0, 30], [0, 30], [0, 30], [0, 30]]
State: 31 ------> [[0, 31], [0, 31], [0, 31], [0, 31], [0, 31], [0, 31], [0, 31], [0, 31], [0, 31], [0, 31]]
State: 32 ------> [[0, 32], [0, 32], [0, 32], [0, 32], [0, 32], [0, 32], [0, 32], [0, 32], [0, 32], [0, 32]]
State: 33 ------> [[0, 33], [0, 33], [0, 33], [0, 33], [0, 33], [0, 33], [0, 33], [0, 33], [0, 33], [0, 33]]
State: 34 ------> [[0, 34], [0, 34], [0, 34], [0, 34], [0, 34], [0, 34], [0, 34], [0, 34], [0, 34], [0, 34]]
State: 35 ------> [[0, 35], [0, 35], [0, 35], [0, 35], [0, 35], [0, 35], [0, 35], [0, 35], [0, 35], [0, 35]]
State: 36 ------> [[0, 36], [0, 36], [0, 36], [0, 36], [0, 36], [0, 36], [0, 36], [0, 36], [0, 36], [0, 36]]
State: 37 ------> [[0, 37], [0, 37], [0, 37], [0, 37], [0, 37], [0, 37], [0, 37], [0, 37], [0, 37], [0, 37]]
State: 38 ------> [[0, 38], [0, 38], [0, 38], [0, 38], [0, 38], [0, 38], [0, 38], [0, 38], [0, 38], [0, 38]]
State: 39 ------> [[0, 39], [0, 39], [0, 39], [0, 39], [0, 39], [0, 39], [0, 39], [0, 39], [0, 39], [0, 39]]
State: 40 ------> [[0, 40], [0, 40], [0, 40], [0, 40], [0, 40], [0, 40], [0, 40], [0, 40], [0, 40], [0, 40]]
State: 41 ------> [[0, 41], [0, 41], [0, 41], [0, 41], [0, 41], [0, 41], [0, 41], [0, 41], [0, 41], [0, 41]]
State: 42 ------> [[0, 42], [0, 42], [0, 42], [0, 42], [0, 42], [0, 42], [0, 42], [0, 42], [0, 42], [0, 42]]
State: 43 ------> [[0, 43], [0, 43], [0, 43], [0, 43], [0, 43], [0, 43], [0, 43], [0, 43], [0, 43], [0, 43]]
State: 44 ------> [[0, 44], [0, 44], [0, 44], [0, 44], [0, 44], [0, 44], [0, 44], [0, 44], [0, 44], [0, 44]]
State: 45 ------> [[0, 45], [0, 45], [0, 45], [0, 45], [0, 45], [0, 45], [0, 45], [0, 45], [0, 45], [0, 45]]
State: 46 ------> [[0, 46], [0, 46], [0, 46], [0, 46], [0, 46], [0, 46], [0, 46], [0, 46], [0, 46], [0, 46]]
State: 47 ------> [[0, 47], [0, 47], [0, 47], [0, 47], [0, 47], [0, 47], [0, 47], [0, 47], [0, 47], [0, 47]]
State: 48 ------> [[0, 48], [0, 48], [0, 48], [0, 48], [0, 48], [0, 48], [0, 48], [0, 48], [0, 48], [0, 48]]
State: 49 ------> [[0, 49], [0, 49], [0, 49], [0, 49], [0, 49], [0, 49], [0, 49], [0, 49], [0, 49], [0, 49]]
State: 50 ------> [[0, 50], [0, 50], [0, 50], [0, 50], [0, 50], [0, 50], [0, 50], [0, 50], [0, 50], [0, 50]]
State: 51 ------> [[0, 51], [0, 51], [0, 51], [0, 51], [0, 51], [0, 51], [0, 51], [0, 51], [0, 51], [0, 51]]
State: 52 ------> [[0, 52], [0, 52], [0, 52], [0, 52], [0, 52], [0, 52], [0, 52], [0, 52], [0, 52], [0, 52]]
State: 53 ------> [[0, 53], [0, 53], [0, 53], [0, 53], [0, 53], [0, 53], [0, 53], [0, 53], [0, 53], [0, 53]]
State: 54 ------> [[0, 54], [0, 54], [0, 54], [0, 54], [0, 54], [0, 54], [0, 54], [0, 54], [0, 54], [0, 54]]
State: 55 ------> [[0, 55], [0, 55], [0, 55], [0, 55], [0, 55], [0, 55], [0, 55], [0, 55], [0, 55], [0, 55]]
State: 56 ------> [[1, 55], [1, 55], [1, 55], [1, 55], [1, 55], [1, 55], [1, 55], [1, 55], [1, 55], [1, 55]]
State: 57 ------> [[1, 56], [1, 56], [1, 56], [1, 56], [1, 56], [1, 56], [1, 56], [1, 56], [1, 56], [1, 56]]
State: 58 ------> [[2, 56], [2, 56], [2, 56], [2, 56], [2, 56], [2, 56], [2, 56], [2, 56], [2, 56], [2, 56]]
State: 59 ------> [[2, 57], [2, 57], [2, 57], [2, 57], [2, 57], [2, 57], [2, 57], [2, 57], [2, 57], [2, 57]]
State: 60 ------> [[3, 57], [3, 57], [3, 57], [3, 57], [3, 57], [3, 57], [3, 57], [3, 57], [3, 57], [3, 57]]
State: 61 ------> [[3, 58], [3, 58], [3, 58], [3, 58], [3, 58], [3, 58], [3, 58], [3, 58], [3, 58], [3, 58]]
State: 62 ------> [[4, 58], [4, 58], [4, 58], [4, 58], [4, 58], [4, 58], [4, 58], [4, 58], [4, 58], [4, 58]]
State: 63 ------> [[4, 59], [4, 59], [4, 59], [4, 59], [4, 59], [4, 59], [4, 59], [4, 59], [4, 59], [4, 59]]
State: 64 ------> [[5, 59], [5, 59], [5, 59], [5, 59], [5, 59], [5, 59], [5, 59], [5, 59], [5, 59], [5, 59]]
State: 65 ------> [[5, 60], [5, 60], [5, 60], [5, 60], [5, 60], [5, 60], [5, 60], [5, 60], [5, 60], [5, 60]]
State: 66 ------> [[6, 60], [6, 60], [6, 60], [6, 60], [6, 60], [6, 60], [6, 60], [6, 60], [6, 60], [6, 60]]
State: 67 ------> [[6, 61], [6, 61], [6, 61], [6, 61], [6, 61], [6, 61], [6, 61], [6, 61], [6, 61], [6, 61]]
State: 68 ------> [[7, 61], [7, 61], [7, 61], [7, 61], [7, 61], [7, 61], [7, 61], [7, 61], [7, 61], [7, 61]]
State: 69 ------> [[7, 62], [7, 62], [7, 62], [7, 62], [7, 62], [7, 62], [7, 62], [7, 62], [7, 62], [7, 62]]
State: 70 ------> [[8, 62], [8, 62], [8, 62], [8, 62], [8, 62], [8, 62], [8, 62], [8, 62], [8, 62], [8, 62]]
State: 71 ------> [[8, 63], [8, 63], [8, 63], [8, 63], [8, 63], [8, 63], [8, 63], [8, 63], [8, 63], [8, 63]]
State: 72 ------> [[9, 63], [9, 63], [9, 63], [9, 63], [9, 63], [9, 63], [9, 63], [9, 63], [9, 63], [9, 63]]
State: 73 ------> [[9, 64], [9, 64], [9, 64], [9, 64], [9, 64], [9, 64], [9, 64], [9, 64], [9, 64], [9, 64]]
State: 74 ------> [[10, 64], [10, 64], [10, 64], [10, 64], [10, 64], [10, 64], [10, 64], [10, 64], [10, 64], [10, 64]]
State: 75 ------> [[10, 65], [10, 65], [10, 65], [10, 65], [10, 65], [10, 65], [10, 65], [10, 65], [10, 65], [10, 65]]
State: 76 ------> [[11, 65], [11, 65], [11, 65], [11, 65], [11, 65], [11, 65], [11, 65], [11, 65], [11, 65], [11, 65]]
State: 77 ------> [[11, 66], [11, 66], [11, 66], [11, 66], [11, 66], [11, 66], [11, 66], [11, 66], [11, 66], [11, 66]]
State: 78 ------> [[12, 66], [12, 66], [12, 66], [12, 66], [12, 66], [12, 66], [12, 66], [12, 66], [12, 66], [12, 66]]
State: 79 ------> [[12, 67], [12, 67], [12, 67], [12, 67], [12, 67], [12, 67], [12, 67], [12, 67], [12, 67], [12, 67]]
State: 80 ------> [[13, 67], [13, 67], [13, 67], [13, 67], [13, 67], [13, 67], [13, 67], [13, 67], [13, 67], [13, 67]]
State: 81 ------> [[13, 68], [13, 68], [13, 68], [13, 68], [13, 68], [13, 68], [13, 68], [13, 68], [13, 68], [13, 68]]
State: 82 ------> [[14, 68], [14, 68], [14, 68], [14, 68], [14, 68], [14, 68], [14, 68], [14, 68], [14, 68], [14, 68]]
State: 83 ------> [[14, 69], [14, 69], [14, 69], [14, 69], [14, 69], [14, 69], [14, 69], [14, 69], [14, 69], [14, 69]]
State: 84 ------> [[15, 69], [15, 69], [15, 69], [15, 69], [15, 69], [15, 69], [15, 69], [15, 69], [15, 69], [15, 69]]
State: 85 ------> [[15, 70], [15, 70], [15, 70], [15, 70], [15, 70], [15, 70], [15, 70], [15, 70], [15, 70], [15, 70]]
State: 86 ------> [[16, 70], [16, 70], [16, 70], [16, 70], [16, 70], [16, 70], [16, 70], [16, 70], [16, 70], [16, 70]]
State: 87 ------> [[16, 71], [16, 71], [16, 71], [16, 71], [16, 71], [16, 71], [16, 71], [16, 71], [16, 71], [16, 71]]
State: 88 ------> [[17, 71], [17, 71], [17, 71], [17, 71], [17, 71], [17, 71], [17, 71], [17, 71], [17, 71], [17, 71]]
State: 89 ------> [[17, 72], [17, 72], [17, 72], [17, 72], [17, 72], [17, 72], [17, 72], [17, 72], [17, 72], [17, 72]]
State: 90 ------> [[18, 72], [18, 72], [18, 72], [18, 72], [18, 72], [18, 72], [18, 72], [18, 72], [18, 72], [18, 72]]
State: 91 ------> [[18, 73], [18, 73], [18, 73], [18, 73], [18, 73], [18, 73], [18, 73], [18, 73], [18, 73], [18, 73]]
State: 92 ------> [[19, 73], [19, 73], [19, 73], [19, 73], [19, 73], [19, 73], [19, 73], [19, 73], [19, 73], [19, 73]]
State: 93 ------> [[19, 74], [19, 74], [19, 74], [19, 74], [19, 74], [19, 74], [19, 74], [19, 74], [19, 74], [19, 74]]
State: 94 ------> [[20, 74], [20, 74], [20, 74], [20, 74], [20, 74], [20, 74], [20, 74], [20, 74], [20, 74], [20, 74]]
State: 95 ------> [[20, 75], [20, 75], [20, 75], [20, 75], [20, 75], [20, 75], [20, 75], [20, 75], [20, 75], [20, 75]]
State: 96 ------> [[21, 75], [21, 75], [21, 75], [21, 75], [21, 75], [21, 75], [21, 75], [21, 75], [21, 75], [21, 75]]
State: 97 ------> [[21, 76], [21, 76], [21, 76], [21, 76], [21, 76], [21, 76], [21, 76], [21, 76], [21, 76], [21, 76]]
State: 98 ------> [[22, 76], [22, 76], [22, 76], [22, 76], [22, 76], [22, 76], [22, 76], [22, 76], [22, 76], [22, 76]]
State: 99 ------> [[22, 77], [22, 77], [22, 77], [22, 77], [22, 77], [22, 77], [22, 77], [22, 77], [22, 77], [22, 77]]
State: 100 ------> [[23, 77], [23, 77], [23, 77], [23, 77], [23, 77], [23, 77], [23, 77], [23, 77], [23, 77], [23, 77]]
