Xing Wang
Problem: Bandit_1
CPU Time: 0.0020 seconds
Expected Total Reward: 27.3850 
Optimal Policy: [3 3 3 3 3 3 3 3 3 0] 
State: [0, 0, 0, 0] ------> Policy: [3 3 3 3 3 3 3 3 3 0]
State: [0, 0, 0, 1] ------> Policy: [3 3 3 3 3 3 3 3 3 3]
State: [0, 0, 0, 2] ------> Policy: [2 2 2 2 2 2 2 2 2 0]
State: [0, 0, 1, 0] ------> Policy: [3 3 3 3 3 3 3 3 3 2]
State: [0, 0, 1, 1] ------> Policy: [3 3 3 3 3 3 3 3 3 3]
State: [0, 0, 1, 2] ------> Policy: [2 2 2 2 2 2 2 2 2 2]
State: [0, 0, 2, 0] ------> Policy: [3 3 3 3 3 3 3 3 3 0]
State: [0, 0, 2, 1] ------> Policy: [3 3 3 3 3 3 3 3 3 3]
State: [0, 0, 2, 2] ------> Policy: [1 1 1 1 1 1 1 1 1 0]
State: [0, 1, 0, 0] ------> Policy: [3 3 3 3 3 3 3 3 3 1]
State: [0, 1, 0, 1] ------> Policy: [3 3 3 3 3 3 3 3 3 3]
State: [0, 1, 0, 2] ------> Policy: [2 2 2 2 2 2 2 2 2 1]
State: [0, 1, 1, 0] ------> Policy: [3 3 3 3 3 3 3 3 2 2]
State: [0, 1, 1, 1] ------> Policy: [3 3 3 3 3 3 3 3 3 3]
State: [0, 1, 1, 2] ------> Policy: [2 2 2 2 2 2 2 2 2 2]
State: [0, 1, 2, 0] ------> Policy: [3 3 3 3 3 3 3 3 3 1]
State: [0, 1, 2, 1] ------> Policy: [3 3 3 3 3 3 3 3 3 3]
State: [0, 1, 2, 2] ------> Policy: [1 1 1 1 1 1 1 1 1 1]
State: [0, 2, 0, 0] ------> Policy: [3 3 3 3 3 3 3 3 3 0]
State: [0, 2, 0, 1] ------> Policy: [3 3 3 3 3 3 3 3 3 3]
State: [0, 2, 0, 2] ------> Policy: [2 2 2 2 2 2 2 2 2 0]
State: [0, 2, 1, 0] ------> Policy: [3 3 3 3 3 3 3 3 3 2]
State: [0, 2, 1, 1] ------> Policy: [3 3 3 3 3 3 3 3 3 3]
State: [0, 2, 1, 2] ------> Policy: [2 2 2 2 2 2 2 2 2 2]
State: [0, 2, 2, 0] ------> Policy: [3 3 3 3 3 3 3 3 3 0]
State: [0, 2, 2, 1] ------> Policy: [3 3 3 3 3 3 3 3 3 3]
State: [0, 2, 2, 2] ------> Policy: [0 0 0 0 0 0 0 0 0 0]
State: [1, 0, 0, 0] ------> Policy: [3 3 3 3 3 3 3 3 3 0]
State: [1, 0, 0, 1] ------> Policy: [3 3 3 3 3 3 3 3 3 3]
State: [1, 0, 0, 2] ------> Policy: [2 2 2 2 2 2 2 2 2 0]
State: [1, 0, 1, 0] ------> Policy: [3 3 3 3 3 3 3 3 3 2]
State: [1, 0, 1, 1] ------> Policy: [3 3 3 3 3 3 3 3 3 3]
State: [1, 0, 1, 2] ------> Policy: [2 2 2 2 2 2 2 2 2 2]
State: [1, 0, 2, 0] ------> Policy: [3 3 3 3 3 3 3 3 3 0]
State: [1, 0, 2, 1] ------> Policy: [3 3 3 3 3 3 3 3 3 3]
State: [1, 0, 2, 2] ------> Policy: [1 1 1 1 1 1 1 1 1 0]
State: [1, 1, 0, 0] ------> Policy: [3 3 3 3 3 3 3 3 3 1]
State: [1, 1, 0, 1] ------> Policy: [3 3 3 3 3 3 3 3 3 3]
State: [1, 1, 0, 2] ------> Policy: [2 2 2 2 2 2 2 2 2 1]
State: [1, 1, 1, 0] ------> Policy: [3 3 3 3 3 3 3 3 2 2]
State: [1, 1, 1, 1] ------> Policy: [3 3 3 3 3 3 3 3 3 3]
State: [1, 1, 1, 2] ------> Policy: [2 2 2 2 2 2 2 2 2 2]
State: [1, 1, 2, 0] ------> Policy: [3 3 3 3 3 3 3 3 3 1]
State: [1, 1, 2, 1] ------> Policy: [3 3 3 3 3 3 3 3 3 3]
State: [1, 1, 2, 2] ------> Policy: [1 1 1 1 1 1 1 1 1 1]
State: [1, 2, 0, 0] ------> Policy: [3 3 3 3 3 3 3 3 3 0]
State: [1, 2, 0, 1] ------> Policy: [3 3 3 3 3 3 3 3 3 3]
State: [1, 2, 0, 2] ------> Policy: [2 2 2 2 2 2 2 2 2 0]
State: [1, 2, 1, 0] ------> Policy: [3 3 3 3 3 3 3 3 3 2]
State: [1, 2, 1, 1] ------> Policy: [3 3 3 3 3 3 3 3 3 3]
State: [1, 2, 1, 2] ------> Policy: [2 2 2 2 2 2 2 2 2 2]
State: [1, 2, 2, 0] ------> Policy: [3 3 3 3 3 3 3 3 3 0]
State: [1, 2, 2, 1] ------> Policy: [3 3 3 3 3 3 3 3 3 3]
State: [1, 2, 2, 2] ------> Policy: [0 0 0 0 0 0 0 0 0 0]
State: [2, 0, 0, 0] ------> Policy: [3 3 3 3 3 3 3 3 3 0]
State: [2, 0, 0, 1] ------> Policy: [3 3 3 3 3 3 3 3 3 3]
State: [2, 0, 0, 2] ------> Policy: [2 2 2 2 2 2 2 2 2 0]
State: [2, 0, 1, 0] ------> Policy: [3 3 3 3 3 3 3 3 3 2]
State: [2, 0, 1, 1] ------> Policy: [3 3 3 3 3 3 3 3 3 3]
State: [2, 0, 1, 2] ------> Policy: [2 2 2 2 2 2 2 2 2 2]
State: [2, 0, 2, 0] ------> Policy: [3 3 3 3 3 3 3 3 3 0]
State: [2, 0, 2, 1] ------> Policy: [3 3 3 3 3 3 3 3 3 3]
State: [2, 0, 2, 2] ------> Policy: [1 1 1 1 1 1 1 1 1 0]
State: [2, 1, 0, 0] ------> Policy: [3 3 3 3 3 3 3 3 3 1]
State: [2, 1, 0, 1] ------> Policy: [3 3 3 3 3 3 3 3 3 3]
State: [2, 1, 0, 2] ------> Policy: [2 2 2 2 2 2 2 2 2 1]
State: [2, 1, 1, 0] ------> Policy: [3 3 3 3 3 3 3 3 2 2]
State: [2, 1, 1, 1] ------> Policy: [3 3 3 3 3 3 3 3 3 3]
State: [2, 1, 1, 2] ------> Policy: [2 2 2 2 2 2 2 2 2 2]
State: [2, 1, 2, 0] ------> Policy: [3 3 3 3 3 3 3 3 3 1]
State: [2, 1, 2, 1] ------> Policy: [3 3 3 3 3 3 3 3 3 3]
State: [2, 1, 2, 2] ------> Policy: [1 1 1 1 1 1 1 1 1 1]
State: [2, 2, 0, 0] ------> Policy: [3 3 3 3 3 3 3 3 3 0]
State: [2, 2, 0, 1] ------> Policy: [3 3 3 3 3 3 3 3 3 3]
State: [2, 2, 0, 2] ------> Policy: [2 2 2 2 2 2 2 2 2 0]
State: [2, 2, 1, 0] ------> Policy: [3 3 3 3 3 3 3 3 3 2]
State: [2, 2, 1, 1] ------> Policy: [3 3 3 3 3 3 3 3 3 3]
State: [2, 2, 1, 2] ------> Policy: [2 2 2 2 2 2 2 2 2 2]
State: [2, 2, 2, 0] ------> Policy: [3 3 3 3 3 3 3 3 3 0]
State: [2, 2, 2, 1] ------> Policy: [3 3 3 3 3 3 3 3 3 3]
State: [2, 2, 2, 2] ------> Policy: [0 0 0 0 0 0 0 0 0 0]
