Xing Wang
Problem: QueueControl_a
CPU Time: 12.2990 seconds
Expected Total Reward: 4389.1107 
Optimal Policy: 
 State: 0 ------> [[0, 0], [0, 0], [0, 0], [0, 0], [0, 0], [0, 0], [0, 0], [0, 0], [0, 0], [0, 0]]
State: 1 ------> [[0, 1], [0, 1], [0, 1], [0, 1], [0, 1], [0, 1], [0, 1], [0, 1], [0, 1], [0, 1]]
State: 2 ------> [[0, 2], [0, 2], [0, 2], [0, 2], [0, 2], [0, 2], [0, 2], [0, 2], [0, 2], [0, 2]]
State: 3 ------> [[0, 3], [0, 3], [0, 3], [0, 3], [0, 3], [0, 3], [0, 3], [0, 3], [0, 3], [0, 3]]
State: 4 ------> [[0, 4], [0, 4], [0, 4], [0, 4], [0, 4], [0, 4], [0, 4], [0, 4], [0, 4], [0, 4]]
State: 5 ------> [[0, 5], [0, 5], [0, 5], [0, 5], [0, 5], [0, 5], [0, 5], [0, 5], [0, 5], [0, 5]]
State: 6 ------> [[0, 6], [0, 6], [0, 6], [0, 6], [0, 6], [0, 6], [0, 6], [0, 6], [0, 6], [0, 6]]
State: 7 ------> [[0, 7], [0, 7], [0, 7], [0, 7], [0, 7], [0, 7], [0, 7], [0, 7], [0, 7], [0, 7]]
State: 8 ------> [[0, 8], [0, 8], [0, 8], [0, 8], [0, 8], [0, 8], [0, 8], [0, 8], [0, 8], [0, 8]]
State: 9 ------> [[0, 9], [0, 9], [0, 9], [0, 9], [0, 9], [0, 9], [0, 9], [0, 9], [0, 9], [0, 9]]
State: 10 ------> [[0, 10], [0, 10], [0, 10], [0, 10], [0, 10], [0, 10], [0, 10], [0, 10], [0, 10], [0, 10]]
State: 11 ------> [[0, 11], [0, 11], [0, 11], [0, 11], [0, 11], [0, 11], [0, 11], [0, 11], [0, 11], [0, 11]]
State: 12 ------> [[1, 11], [1, 11], [1, 11], [1, 11], [1, 11], [1, 11], [1, 11], [1, 11], [1, 11], [1, 11]]
State: 13 ------> [[2, 11], [2, 11], [2, 11], [2, 11], [2, 11], [2, 11], [2, 11], [2, 11], [2, 11], [2, 11]]
State: 14 ------> [[3, 11], [3, 11], [3, 11], [3, 11], [3, 11], [3, 11], [3, 11], [3, 11], [3, 11], [3, 11]]
State: 15 ------> [[4, 11], [4, 11], [4, 11], [4, 11], [4, 11], [4, 11], [4, 11], [4, 11], [4, 11], [4, 11]]
State: 16 ------> [[5, 11], [5, 11], [5, 11], [5, 11], [5, 11], [5, 11], [5, 11], [5, 11], [5, 11], [5, 11]]
State: 17 ------> [[6, 11], [6, 11], [6, 11], [6, 11], [6, 11], [6, 11], [6, 11], [6, 11], [6, 11], [6, 11]]
State: 18 ------> [[7, 11], [7, 11], [7, 11], [7, 11], [7, 11], [7, 11], [7, 11], [7, 11], [7, 11], [7, 11]]
State: 19 ------> [[8, 11], [8, 11], [8, 11], [8, 11], [8, 11], [8, 11], [8, 11], [8, 11], [8, 11], [8, 11]]
State: 20 ------> [[9, 11], [9, 11], [9, 11], [9, 11], [9, 11], [9, 11], [9, 11], [9, 11], [9, 11], [9, 11]]
State: 21 ------> [[10, 11], [10, 11], [10, 11], [10, 11], [10, 11], [10, 11], [10, 11], [10, 11], [10, 11], [10, 11]]
State: 22 ------> [[11, 11], [11, 11], [11, 11], [11, 11], [11, 11], [11, 11], [11, 11], [11, 11], [11, 11], [11, 11]]
State: 23 ------> [[12, 11], [12, 11], [12, 11], [12, 11], [12, 11], [12, 11], [12, 11], [12, 11], [12, 11], [12, 11]]
State: 24 ------> [[13, 11], [13, 11], [13, 11], [13, 11], [13, 11], [13, 11], [13, 11], [13, 11], [13, 11], [13, 11]]
State: 25 ------> [[14, 11], [14, 11], [14, 11], [14, 11], [14, 11], [14, 11], [14, 11], [14, 11], [14, 11], [14, 11]]
State: 26 ------> [[15, 11], [15, 11], [15, 11], [15, 11], [15, 11], [15, 11], [15, 11], [15, 11], [15, 11], [15, 11]]
State: 27 ------> [[16, 11], [16, 11], [16, 11], [16, 11], [16, 11], [16, 11], [16, 11], [16, 11], [16, 11], [16, 11]]
State: 28 ------> [[17, 11], [17, 11], [17, 11], [17, 11], [17, 11], [17, 11], [17, 11], [17, 11], [17, 11], [17, 11]]
State: 29 ------> [[18, 11], [18, 11], [18, 11], [18, 11], [18, 11], [18, 11], [18, 11], [18, 11], [18, 11], [18, 11]]
State: 30 ------> [[19, 11], [19, 11], [19, 11], [19, 11], [19, 11], [19, 11], [19, 11], [19, 11], [19, 11], [19, 11]]
State: 31 ------> [[20, 11], [20, 11], [20, 11], [20, 11], [20, 11], [20, 11], [20, 11], [20, 11], [20, 11], [20, 11]]
State: 32 ------> [[21, 11], [21, 11], [21, 11], [21, 11], [21, 11], [21, 11], [21, 11], [21, 11], [21, 11], [21, 11]]
State: 33 ------> [[22, 11], [22, 11], [22, 11], [22, 11], [22, 11], [22, 11], [22, 11], [22, 11], [22, 11], [22, 11]]
State: 34 ------> [[23, 11], [23, 11], [23, 11], [23, 11], [23, 11], [23, 11], [23, 11], [23, 11], [23, 11], [23, 11]]
State: 35 ------> [[24, 11], [24, 11], [24, 11], [24, 11], [24, 11], [24, 11], [24, 11], [24, 11], [24, 11], [24, 11]]
State: 36 ------> [[25, 11], [25, 11], [25, 11], [25, 11], [25, 11], [25, 11], [25, 11], [25, 11], [25, 11], [25, 11]]
State: 37 ------> [[26, 11], [26, 11], [26, 11], [26, 11], [26, 11], [26, 11], [26, 11], [26, 11], [26, 11], [26, 11]]
State: 38 ------> [[27, 11], [27, 11], [27, 11], [27, 11], [27, 11], [27, 11], [27, 11], [27, 11], [27, 11], [27, 11]]
State: 39 ------> [[28, 11], [28, 11], [28, 11], [28, 11], [28, 11], [28, 11], [28, 11], [28, 11], [28, 11], [28, 11]]
State: 40 ------> [[29, 11], [29, 11], [29, 11], [29, 11], [29, 11], [29, 11], [29, 11], [29, 11], [29, 11], [29, 11]]
State: 41 ------> [[30, 11], [30, 11], [30, 11], [30, 11], [30, 11], [30, 11], [30, 11], [30, 11], [30, 11], [30, 11]]
State: 42 ------> [[31, 11], [31, 11], [31, 11], [31, 11], [31, 11], [31, 11], [31, 11], [31, 11], [31, 11], [31, 11]]
State: 43 ------> [[32, 11], [32, 11], [32, 11], [32, 11], [32, 11], [32, 11], [32, 11], [32, 11], [32, 11], [32, 11]]
State: 44 ------> [[33, 11], [33, 11], [33, 11], [33, 11], [33, 11], [33, 11], [33, 11], [33, 11], [33, 11], [33, 11]]
State: 45 ------> [[34, 11], [34, 11], [34, 11], [34, 11], [34, 11], [34, 11], [34, 11], [34, 11], [34, 11], [34, 11]]
State: 46 ------> [[35, 11], [35, 11], [35, 11], [35, 11], [35, 11], [35, 11], [35, 11], [35, 11], [35, 11], [35, 11]]
State: 47 ------> [[36, 11], [36, 11], [36, 11], [36, 11], [36, 11], [36, 11], [36, 11], [36, 11], [36, 11], [36, 11]]
State: 48 ------> [[37, 11], [37, 11], [37, 11], [37, 11], [37, 11], [37, 11], [37, 11], [37, 11], [37, 11], [37, 11]]
State: 49 ------> [[38, 11], [38, 11], [38, 11], [38, 11], [38, 11], [38, 11], [38, 11], [38, 11], [38, 11], [38, 11]]
State: 50 ------> [[39, 11], [39, 11], [39, 11], [39, 11], [39, 11], [39, 11], [39, 11], [39, 11], [39, 11], [39, 11]]
State: 51 ------> [[40, 11], [40, 11], [40, 11], [40, 11], [40, 11], [40, 11], [40, 11], [40, 11], [40, 11], [40, 11]]
State: 52 ------> [[41, 11], [41, 11], [41, 11], [41, 11], [41, 11], [41, 11], [41, 11], [41, 11], [41, 11], [41, 11]]
State: 53 ------> [[41, 12], [41, 12], [41, 12], [41, 12], [41, 12], [41, 12], [41, 12], [41, 12], [41, 12], [41, 12]]
State: 54 ------> [[42, 12], [42, 12], [42, 12], [42, 12], [42, 12], [42, 12], [42, 12], [42, 12], [42, 12], [42, 12]]
State: 55 ------> [[43, 12], [43, 12], [43, 12], [43, 12], [43, 12], [43, 12], [43, 12], [43, 12], [43, 12], [43, 12]]
State: 56 ------> [[44, 12], [44, 12], [44, 12], [44, 12], [44, 12], [44, 12], [44, 12], [44, 12], [44, 12], [44, 12]]
State: 57 ------> [[45, 12], [45, 12], [45, 12], [45, 12], [45, 12], [45, 12], [45, 12], [45, 12], [45, 12], [45, 12]]
State: 58 ------> [[46, 12], [46, 12], [46, 12], [46, 12], [46, 12], [46, 12], [46, 12], [46, 12], [46, 12], [46, 12]]
State: 59 ------> [[47, 12], [47, 12], [47, 12], [47, 12], [47, 12], [47, 12], [47, 12], [47, 12], [47, 12], [47, 12]]
State: 60 ------> [[48, 12], [48, 12], [48, 12], [48, 12], [48, 12], [48, 12], [48, 12], [48, 12], [48, 12], [48, 12]]
State: 61 ------> [[48, 13], [48, 13], [48, 13], [48, 13], [48, 13], [48, 13], [48, 13], [48, 13], [48, 13], [48, 13]]
State: 62 ------> [[49, 13], [49, 13], [49, 13], [49, 13], [49, 13], [49, 13], [49, 13], [49, 13], [49, 13], [49, 13]]
State: 63 ------> [[50, 13], [50, 13], [50, 13], [50, 13], [50, 13], [50, 13], [50, 13], [50, 13], [50, 13], [50, 13]]
State: 64 ------> [[51, 13], [51, 13], [51, 13], [51, 13], [51, 13], [51, 13], [51, 13], [51, 13], [51, 13], [51, 13]]
State: 65 ------> [[52, 13], [52, 13], [52, 13], [52, 13], [52, 13], [52, 13], [52, 13], [52, 13], [52, 13], [52, 13]]
State: 66 ------> [[52, 14], [52, 14], [52, 14], [52, 14], [52, 14], [52, 14], [52, 14], [52, 14], [52, 14], [52, 14]]
State: 67 ------> [[53, 14], [53, 14], [53, 14], [53, 14], [53, 14], [53, 14], [53, 14], [53, 14], [53, 14], [53, 14]]
State: 68 ------> [[54, 14], [54, 14], [54, 14], [54, 14], [54, 14], [54, 14], [54, 14], [54, 14], [54, 14], [54, 14]]
State: 69 ------> [[55, 14], [55, 14], [55, 14], [55, 14], [55, 14], [55, 14], [55, 14], [55, 14], [55, 14], [55, 14]]
State: 70 ------> [[55, 15], [55, 15], [55, 15], [55, 15], [55, 15], [55, 15], [55, 15], [55, 15], [55, 15], [55, 15]]
State: 71 ------> [[56, 15], [56, 15], [56, 15], [56, 15], [56, 15], [56, 15], [56, 15], [56, 15], [56, 15], [56, 15]]
State: 72 ------> [[57, 15], [57, 15], [57, 15], [57, 15], [57, 15], [57, 15], [57, 15], [57, 15], [57, 15], [57, 15]]
State: 73 ------> [[57, 16], [57, 16], [57, 16], [57, 16], [57, 16], [57, 16], [57, 16], [57, 16], [57, 16], [57, 16]]
State: 74 ------> [[58, 16], [58, 16], [58, 16], [58, 16], [58, 16], [58, 16], [58, 16], [58, 16], [58, 16], [58, 16]]
State: 75 ------> [[59, 16], [59, 16], [59, 16], [59, 16], [59, 16], [59, 16], [59, 16], [59, 16], [59, 16], [59, 16]]
State: 76 ------> [[59, 16], [59, 16], [59, 16], [59, 16], [59, 16], [59, 16], [59, 16], [59, 16], [59, 16], [59, 16]]
State: 77 ------> [[59, 16], [59, 16], [59, 16], [59, 16], [59, 16], [59, 16], [59, 16], [59, 16], [59, 16], [59, 16]]
State: 78 ------> [[59, 16], [59, 16], [59, 16], [59, 16], [59, 16], [59, 16], [59, 16], [59, 16], [59, 16], [59, 16]]
State: 79 ------> [[59, 16], [59, 16], [59, 16], [59, 16], [59, 16], [59, 16], [59, 16], [59, 16], [59, 16], [59, 16]]
State: 80 ------> [[59, 16], [59, 16], [59, 16], [59, 16], [59, 16], [59, 16], [59, 16], [59, 16], [59, 16], [59, 16]]
State: 81 ------> [[59, 16], [59, 16], [59, 16], [59, 16], [59, 16], [59, 16], [59, 16], [59, 16], [59, 16], [59, 16]]
State: 82 ------> [[59, 16], [59, 16], [59, 16], [59, 16], [59, 16], [59, 16], [59, 16], [59, 16], [59, 16], [59, 16]]
State: 83 ------> [[59, 16], [59, 16], [59, 16], [59, 16], [59, 16], [59, 16], [59, 16], [59, 16], [59, 16], [59, 16]]
State: 84 ------> [[59, 16], [59, 16], [59, 16], [59, 16], [59, 16], [59, 16], [59, 16], [59, 16], [59, 16], [59, 16]]
State: 85 ------> [[59, 16], [59, 16], [59, 16], [59, 16], [59, 16], [59, 16], [59, 16], [59, 16], [59, 16], [59, 16]]
State: 86 ------> [[59, 16], [59, 16], [59, 16], [59, 16], [59, 16], [59, 16], [59, 16], [59, 16], [59, 16], [59, 16]]
State: 87 ------> [[59, 16], [59, 16], [59, 16], [59, 16], [59, 16], [59, 16], [59, 16], [59, 16], [59, 16], [59, 16]]
State: 88 ------> [[59, 16], [59, 16], [59, 16], [59, 16], [59, 16], [59, 16], [59, 16], [59, 16], [59, 16], [59, 16]]
State: 89 ------> [[59, 16], [59, 16], [59, 16], [59, 16], [59, 16], [59, 16], [59, 16], [59, 16], [59, 16], [59, 16]]
State: 90 ------> [[59, 16], [59, 16], [59, 16], [59, 16], [59, 16], [59, 16], [59, 16], [59, 16], [59, 16], [59, 16]]
State: 91 ------> [[59, 16], [59, 16], [59, 16], [59, 16], [59, 16], [59, 16], [59, 16], [59, 16], [59, 16], [59, 16]]
State: 92 ------> [[59, 16], [59, 16], [59, 16], [59, 16], [59, 16], [59, 16], [59, 16], [59, 16], [59, 16], [59, 16]]
State: 93 ------> [[59, 16], [59, 16], [59, 16], [59, 16], [59, 16], [59, 16], [59, 16], [59, 16], [59, 16], [59, 16]]
State: 94 ------> [[59, 16], [59, 16], [59, 16], [59, 16], [59, 16], [59, 16], [59, 16], [59, 16], [59, 16], [59, 16]]
State: 95 ------> [[59, 16], [59, 16], [59, 16], [59, 16], [59, 16], [59, 16], [59, 16], [59, 16], [59, 16], [59, 16]]
State: 96 ------> [[59, 16], [59, 16], [59, 16], [59, 16], [59, 16], [59, 16], [59, 16], [59, 16], [59, 16], [59, 16]]
State: 97 ------> [[59, 16], [59, 16], [59, 16], [59, 16], [59, 16], [59, 16], [59, 16], [59, 16], [59, 16], [59, 16]]
State: 98 ------> [[59, 16], [59, 16], [59, 16], [59, 16], [59, 16], [59, 16], [59, 16], [59, 16], [59, 16], [59, 16]]
State: 99 ------> [[59, 16], [59, 16], [59, 16], [59, 16], [59, 16], [59, 16], [59, 16], [59, 16], [59, 16], [59, 16]]
State: 100 ------> [[59, 16], [59, 16], [59, 16], [59, 16], [59, 16], [59, 16], [59, 16], [59, 16], [59, 16], [59, 16]]
